{
 "cells": [
  {
   "cell_type": "code",
   "execution_count": 1,
   "metadata": {
    "id": "aTS7NktGHIwb"
   },
   "outputs": [],
   "source": [
    "from newspaper import Article\n",
    "from konlpy.tag import Kkma\n",
    "from konlpy.tag import Okt\n",
    "from sklearn.feature_extraction.text import TfidfVectorizer\n",
    "from sklearn.feature_extraction.text import CountVectorizer\n",
    "from sklearn.preprocessing import normalize\n",
    "import numpy as np\n",
    "import re"
   ]
  },
  {
   "cell_type": "markdown",
   "metadata": {
    "id": "rD_nFzz-HNOS"
   },
   "source": [
    "kkma = Kkma()\n",
    "okt = Okt()\n",
    "\n",
    "text_file = open(\"./stop_words_file.txt\", 'r')\n",
    "\n",
    "stopwords = [line.rstrip() for line in text_file]"
   ]
  },
  {
   "cell_type": "markdown",
   "metadata": {
    "id": "9Dj2PXWUIR_F"
   },
   "source": [
    "## Crawling"
   ]
  },
  {
   "cell_type": "markdown",
   "metadata": {},
   "source": [
    "url = 'http://v.media.daum.net/v/20170611192209012?rcmd=r'\n",
    "\n",
    "article = Article(url, language='ko')\n",
    "article.download()\n",
    "article.parse()\n",
    "sentences = kkma.sentences(article.text)\n",
    "\n",
    "for idx in range(0, len(sentences)):\n",
    "  if len(sentences[idx]) <= 10:\n",
    "    sentences[idx-1] += (' ' + sentences[idx])\n",
    "    sentences[idx] = ''\n",
    "\n",
    "print(sentences)"
   ]
  },
  {
   "cell_type": "markdown",
   "metadata": {
    "id": "pfgxdW0GIOxD"
   },
   "source": [
    "## get_nouns"
   ]
  },
  {
   "cell_type": "markdown",
   "metadata": {},
   "source": [
    "words = []\n",
    "\n",
    "for sentence in sentences:\n",
    "  item_nouns = ' '.join(okt.nouns(str(sentence)))\n",
    "  words.append(item_nouns)\n",
    "for i,v in enumerate(words):\n",
    "  if len(v)<2:\n",
    "    words.pop(i)\n",
    "  if v in stopwords:\n",
    "    words.pop(i)\n",
    "\n",
    "print(words)"
   ]
  },
  {
   "cell_type": "code",
   "execution_count": 13,
   "metadata": {},
   "outputs": [],
   "source": [
    "sentences = ['/ 조선 DB “ 신용카드 사용 액이 소득 공제를 받을 수 있는 요건에 못 미치니까 아예 사용 액을 신고하지 않았던 겁니다.', '” 김 상조 공정거래위원장 후보자가 인사 검증 과정에서 신용카드 사용 액을 밝히지 않은 이유를 이렇게 설명했다.', '김 후보자는 카드 사용 액이 총소득의 4분의 1을 넘어야 하는 소득 공제 요건을 충족하지 못한 것이다.', '월급쟁이라면 응당 카드 소득 공제를 받는 것으로 생각하지만 김 후보자처럼 공제를 포기하거나 받지 못하는 사람들도 적지 않다.', '게다가 고 소득자를 중심으로 올해부터 카드 소득 공제 혜택을 줄일 예정이라 카드 공제 받기가 더 까다로 워 진다.', '11일 국세 통계 연보에 따르면, 2015년 기준으로 1733만명인 근로 소득자 중에서 카드 소득 공제를 받은 사람은 49.4% 인 856만명으로 절반에 못 미쳤다.', '그중 소득세가 면세( 免稅) 돼 세금을 내지 않은 257만명을 제외하고 실제로 세금을 낸 사람 중에서 카드 소득 공제를 받은 사람은 599만명으로 전체 월급쟁이의 34.5% 였다.', '◇ 연 봉 5000만원 대가 84% 로 카드 공제 가장 많이 받아 신용카드 소득 공제를 받으려면 총소득의 4분의 1 이상을 카드로 써야 한다.', '4분의 1 문턱에서 1원이라도 모자라면 한 푼도 공제 받을 수 없다.', '수억원 대의 고소득 자일 수록 카드로 소득의 4분의 1 이상을 쓰기 쉽지 않기 때문에 소득이 높을수록 공제를 못 받는 경우가 늘어난다.', '2015년 기준으로 근로 소득세를 내는 사람 중에서 카드 소득 공제를 받는 비율이 가장 많은 소득 구간은 연봉 5000만 ~6000 만원이었다.', '전체의 84% 가 혜택을 봤다.', '연봉 6000만 ~8000 만원 사이에서도 83%, 8000만 ~1 억원 구간은 79% 가 공제를 받았다.', '반면 1억 ~2 억원 사이에서는 공제 받은 사람 비율이 68% 로 줄었고, 2억 ~3 억원인 사람은 31% 만 카드 공제를 받은 것으로 나타났다.', '국세청 관계자는 “ 월급쟁이가 카드를 쓰는 용도가 다들 엇비슷해서 고소득 자라고 해서 카드 사용 액이 월등 하게 늘어나지는 않기 때문에 소득이 높을수록 ‘4 분의 1 문턱’ 을 넘기가 어려워지는 경향이 있다” 고 말했다.', '또 고 소득자들이 외국에 나가 카드를 많이 사용하지만, 해외에서의 카드 사용 액을 일절 공제해 주지 않는 점도 영향이 있는 것으로 분석된다.', '◇ 소득 낮은 부부는 한 사람 명의의 카드 써야 유리 소득이 연 5000만원에 못 미치는 서민층에서도 카드 공제를 받는 사람들의 비율이 낮아 지는 경향을 보인다.', '연봉 4000만원 대는 81%, 3000만원 대는 73%, 2000만원 대는 55% 만 카드 소득 공제를 받은 것으로 나타났다.', '이런 현상이 나타나는 이유는 우선 저소득층일수록 허리띠를 졸라매는 경향이 있어 ‘4 분의 1 문턱’ 을 넘지 못하는 경우가 상당하기 때문인 것으로 추정된다.', '또 소득이 넉넉하지 않은 맞벌이의 경우 한 사람 명의로 카드를 발급 받아 한 사람의 카드 사용 액이 ‘4 분의 1 문턱’ 을 넘도록 몰아주고, 나머지 배우자는 카드 소득 공제를 포기하는 절세 노하우를 보여주는 사례도 많다 고 국세청 관계자들은 설명했다.', '서울지역의 한 세무사는 “ 부부가 각자 명의로 카드를 쓰다가 둘 다 ‘4 분의 1 문턱’ 을 못 넘겨 안 내도 될 세금을 더 내는 경우가 있으니 주의해야 한다” 고 말했다.', '2015년 기준으로 카드 소득 공제를 받은 599만명은 평균 245만원을 공제 받은 것으로 나타났다.', '300만원인 공제한도를 채우지 못한 사람들이 적지 않다는 뜻이다.', '카드 소득 공제는 4분의 1 문턱을 초과하는 액수에 대해 신용카드는 15%, 체크카드는 30%에 해당하는 액수를 300만원 한도로 공제하는 방식이다.', '전통시장에서 결제한 금액과 대중 교통비에 대해서는 각각 100 만원씩 공제 한도가 더 늘어난다.', '◇ 연 봉 1억 2000만원 이상은 올해부터, 7000만원 이상은 내년부터 공제한도 축소 신용카드 소득 공제는 올해부터 순차적으로 한도가 줄어들게 되므로 관련 제도 변화를 유심히 살펴볼 필요가 있다.', '고소득 자의 공제 폭을 줄여 실질적인 근로 소득세 증세( 增稅) 가 예고돼 있다.', '우선 연소득 1억 2000만원이 넘는 월급쟁이는 올해 사용 분부터 공제한도가 기존 300만원에서 200만원으로 줄어든다.', '내년 초 연말 정산 때 돌려받는 세금이 수십만원 정도 줄어들거나, 토해 내는 세금이 수십만원 늘어난다는 뜻이다.', '연봉 7000만 ~1 억 2000만원 근로자의 공제 한도는 내년 사용 분부터 300만원에서 250만원으로 축소될 전망이다.', '연봉 7000만 ~1 억 2000만원인 근로자에 대해 정부는 2019년부터 한도를 축소하기로 했지만 지난해 국회가 1년 앞당겨 실시하기로 결정했다.']\n",
    "words = ['조선 신용카드 사용 액 소득 공제 수 요건 못 아예 사용 액 신고', '김 상조 공정 거래 위원장 후보자 인사 검증 과정 신용카드 사용 액 이유 설명', '김 후보자 카드 사용 액 소득 소득 공제 요건 충족 못 것', '월급쟁이 라면 응당 카드 소득 공제 것 생각 김 후보자 공제 포기 거나 사람 적지', '게다가 고 소득 중심 올해 카드 소득 공제 혜택 예정 카드 공제 더 워', '국세 통계 연보 기준 근로 소득 중 카드 소득 공제 사람 인 절반 못', '소득세 면세 세금 내지 제외 실제 세금 사람 중 카드 소득 공제 사람 전체 월급쟁이', '연 봉 대가 로 카드 공제 가장 신용카드 소득 공제 소득 이상 카드', '문턱 푼 공제 수', '억원 대의 소득 자일 수록 카드 소득 이상 쓰기 때문 소득 공제 못 경우', '기준 근로 소득세 사람 중 카드 소득 공제 비율 가장 소득 구간 연봉 만원', '전체 혜택', '연봉 만원 사이 억원 구간 공제', '반면 억원 사이 공제 사람 비율 로 억원 사람 만 카드 공제 것', '국세청 관계자 월급쟁이 카드 용도 소득 카드 사용 액 월등 때문 소득 분 문턱 경향 고 말', '또 고 소득 외국 카드 사용 해외 카드 사용 액 일절 공제 주지 점도 영향 것 분석', '소득 부부 사람 명의 카드 유리 소득 연 못 서민 층 카드 공제 사람 비율 경향', '연봉 만 카드 소득 공제 것', '현상 이유 우선 소득 층 허리띠 졸라 경향 분 문턱 경우 때문 것 추정', '또 소득 맞벌이 경우 사람 명의 카드 발급 사람 카드 사용 액 분 문턱 나머지 배우자 카드 소득 공제 포기 절세 노하우 사례 고 국세청 관계자 설명', '지역 세무사 부부 각자 명의 카드 둘 분 문턱 못 안 세금 더 경우 주의 고 말', '기준 카드 소득 공제 평균 공제 것', '한도 못 사람 적지 뜻', '카드 소득 공제 문턱 초과 액수 대해 신용카드 체크카드 해당 액수 한도 공제 방식', '전통 시장 결제 금액 대중 교통비 대해 각각 만원 공제 한도 더', '연 봉 이상은 올해 이상은 내년 공제 한도 축소 신용카드 소득 공제 올해 순차 한도 관련 제도 변화 유심 필요', '소득 자의 공제 폭 실질 근로 소득세 증세 예고', '우선 소득 월급쟁이 올해 사용 분 한도 기존', '내년 초 연말 정산 때 세금 만원 정도 토 세금 만원 뜻', '연봉 억 근로자 공제 한도 내년 사용 분 축소 전망', '연봉 억 근로자 대해 정부 한도 축소 지난해 국회 실시 결정']"
   ]
  },
  {
   "cell_type": "markdown",
   "metadata": {
    "id": "4eA8vNnIIJO_"
   },
   "source": [
    "## GraphMatrix"
   ]
  },
  {
   "cell_type": "code",
   "execution_count": 6,
   "metadata": {
    "id": "9cKfaSEhH3sl"
   },
   "outputs": [],
   "source": [
    "tfidf = TfidfVectorizer()\n",
    "cnt_vec = CountVectorizer()\n",
    "sentence_graph = []"
   ]
  },
  {
   "cell_type": "markdown",
   "metadata": {
    "id": "eb3oxO3-IZO-"
   },
   "source": [
    " - build_sent_graph"
   ]
  },
  {
   "cell_type": "code",
   "execution_count": 7,
   "metadata": {
    "colab": {
     "base_uri": "https://localhost:8080/"
    },
    "id": "WxzsOVd9H7KI",
    "outputId": "ecc89e6a-03c1-48e7-fb3f-5f0c6d4a9b72"
   },
   "outputs": [
    {
     "name": "stdout",
     "output_type": "stream",
     "text": [
      "[[1.         0.15709804 0.40929242 0.05629368 0.08704503 0.06499458\n",
      "  0.03337226 0.19149912 0.06713909 0.07797693 0.06498767 0.\n",
      "  0.02726381 0.03767624 0.14925606 0.22769726 0.06026261 0.11182509\n",
      "  0.02035407 0.11556674 0.         0.10115822 0.         0.11067701\n",
      "  0.01712927 0.08901581 0.04589321 0.17775783 0.         0.16262535\n",
      "  0.        ]\n",
      " [0.15709804 1.         0.16815557 0.07400157 0.         0.\n",
      "  0.         0.07163736 0.         0.         0.         0.\n",
      "  0.         0.         0.04129871 0.07409218 0.         0.\n",
      "  0.08803991 0.09116927 0.         0.         0.         0.04798298\n",
      "  0.         0.03859197 0.         0.05725404 0.         0.053467\n",
      "  0.        ]\n",
      " [0.40929242 0.16815557 1.         0.25258102 0.24305916 0.17606613\n",
      "  0.09318663 0.27514584 0.08568512 0.20808669 0.17604742 0.\n",
      "  0.03479497 0.08180215 0.24174991 0.25114496 0.19610399 0.31225347\n",
      "  0.05195306 0.20555415 0.03354113 0.23364769 0.         0.11181369\n",
      "  0.02186094 0.06774578 0.08979004 0.16925602 0.         0.11899817\n",
      "  0.        ]\n",
      " [0.05629368 0.07400157 0.25258102 1.         0.16003028 0.14740976\n",
      "  0.20214129 0.18115616 0.11634263 0.1042485  0.14739409 0.\n",
      "  0.04724435 0.18311298 0.15485272 0.08516929 0.20523707 0.20558785\n",
      "  0.01763537 0.22793945 0.02277095 0.18257606 0.32786323 0.08737302\n",
      "  0.02968263 0.05521196 0.0583316  0.12732199 0.         0.04134277\n",
      "  0.        ]\n",
      " [0.08704503 0.         0.24305916 0.16003028 1.         0.18230781\n",
      "  0.10854358 0.32048926 0.1319518  0.20183186 0.18228843 0.2529422\n",
      "  0.05358292 0.12597218 0.18427413 0.16070345 0.21963246 0.36371215\n",
      "  0.04000286 0.18696953 0.05165206 0.28757009 0.         0.13761862\n",
      "  0.03366502 0.20705957 0.09019621 0.19185239 0.         0.04688954\n",
      "  0.        ]\n",
      " [0.06499458 0.         0.17606613 0.14740976 0.18230781 1.\n",
      "  0.15666147 0.20637459 0.06426858 0.15607652 0.3902531  0.\n",
      "  0.02609815 0.16624068 0.13002421 0.09633469 0.24929188 0.23420736\n",
      "  0.03896767 0.18953361 0.0251577  0.34043604 0.11308647 0.08386645\n",
      "  0.01639692 0.05081308 0.17728507 0.05582994 0.         0.02283807\n",
      "  0.        ]\n",
      " [0.03337226 0.         0.09318663 0.20214129 0.10854358 0.15666147\n",
      "  1.         0.12287262 0.0505891  0.07738047 0.23657986 0.1939514\n",
      "  0.02054319 0.21341661 0.13466878 0.06161221 0.2451036  0.13944387\n",
      "  0.01533673 0.18300649 0.17113857 0.11025171 0.17803235 0.05276171\n",
      "  0.01290686 0.02933769 0.12111791 0.11072648 0.27890056 0.01797702\n",
      "  0.        ]\n",
      " [0.19149912 0.07163736 0.27514584 0.18115616 0.32048926 0.20637459\n",
      "  0.12287262 1.         0.149371   0.35408887 0.34744086 0.\n",
      "  0.0606565  0.142602   0.20860048 0.18191819 0.24862653 0.41172644\n",
      "  0.04528371 0.21165171 0.05847074 0.32553273 0.         0.22505175\n",
      "  0.0381092  0.14233285 0.10210317 0.0648791  0.         0.05307952\n",
      "  0.        ]\n",
      " [0.06713909 0.         0.08568512 0.11634263 0.1319518  0.06426858\n",
      "  0.0505891  0.149371   1.         0.05721314 0.06426175 0.\n",
      "  0.08850466 0.12230582 0.21465763 0.05366268 0.05958947 0.16951596\n",
      "  0.20770801 0.18916965 0.21827625 0.20906456 0.         0.27954901\n",
      "  0.05560561 0.08046808 0.06956964 0.         0.         0.07744899\n",
      "  0.        ]\n",
      " [0.07797693 0.         0.20808669 0.1042485  0.20183186 0.15607652\n",
      "  0.07738047 0.35408887 0.05721314 1.         0.15605993 0.\n",
      "  0.14773889 0.22667675 0.23575748 0.10183845 0.16665199 0.25928954\n",
      "  0.20352534 0.18038317 0.09601882 0.18733173 0.         0.08964888\n",
      "  0.01459685 0.05729048 0.08079982 0.07455136 0.         0.02033089\n",
      "  0.        ]\n",
      " [0.06498767 0.         0.17604742 0.14739409 0.18228843 0.3902531\n",
      "  0.23657986 0.34744086 0.06426175 0.15605993 1.         0.\n",
      "  0.41904443 0.26284977 0.13001039 0.09632446 0.34342176 0.43614094\n",
      "  0.03896353 0.18951346 0.02515503 0.34039986 0.11307445 0.08385754\n",
      "  0.09198475 0.05080768 0.28719213 0.05582401 0.15239758 0.11510707\n",
      "  0.06920177]\n",
      " [0.         0.         0.         0.         0.2529422  0.\n",
      "  0.1939514  0.         0.         0.         0.         1.\n",
      "  0.         0.         0.         0.         0.         0.\n",
      "  0.         0.         0.         0.         0.         0.\n",
      "  0.         0.         0.         0.         0.         0.\n",
      "  0.        ]\n",
      " [0.02726381 0.         0.03479497 0.04724435 0.05358292 0.02609815\n",
      "  0.02054319 0.0606565  0.08850466 0.14773889 0.41904443 0.\n",
      "  1.         0.47493028 0.         0.02179131 0.02419806 0.34698478\n",
      "  0.         0.0167424  0.         0.08489682 0.         0.04062795\n",
      "  0.12668625 0.03267644 0.0282508  0.         0.20988997 0.15853151\n",
      "  0.09530832]\n",
      " [0.03767624 0.         0.08180215 0.18311298 0.12597218 0.16624068\n",
      "  0.21341661 0.142602   0.12230582 0.22667675 0.26284977 0.\n",
      "  0.47493028 1.         0.04708247 0.07234801 0.36443655 0.16183406\n",
      "  0.         0.20638019 0.02393809 0.15845527 0.21520834 0.07582985\n",
      "  0.03120403 0.04515602 0.03904018 0.         0.         0.04346181\n",
      "  0.        ]\n",
      " [0.14925606 0.04129871 0.24174991 0.15485272 0.18427413 0.13002421\n",
      "  0.13466878 0.20860048 0.21465763 0.23575748 0.13001039 0.\n",
      "  0.         0.04708247 1.         0.20192809 0.25408885 0.23673345\n",
      "  0.26357709 0.36542864 0.10674735 0.14598205 0.         0.11912986\n",
      "  0.         0.02521114 0.04359319 0.22312206 0.         0.06182269\n",
      "  0.        ]\n",
      " [0.22769726 0.07409218 0.25114496 0.08516929 0.16070345 0.09633469\n",
      "  0.06161221 0.18191819 0.05366268 0.10183845 0.09632446 0.\n",
      "  0.02179131 0.07234801 0.20192809 1.         0.13047552 0.20645265\n",
      "  0.01626852 0.17779295 0.04201212 0.15304692 0.         0.07324165\n",
      "  0.01369102 0.03112012 0.03668135 0.1420776  0.         0.12998257\n",
      "  0.        ]\n",
      " [0.06026261 0.         0.19610399 0.20523707 0.21963246 0.24929188\n",
      "  0.2451036  0.24862653 0.05958947 0.16665199 0.34342176 0.\n",
      "  0.02419806 0.36443655 0.25408885 0.13047552 1.         0.28215763\n",
      "  0.12094519 0.34913765 0.24234306 0.2025731  0.20970629 0.09694274\n",
      "  0.01520313 0.0471136  0.06244422 0.05176521 0.         0.02117533\n",
      "  0.        ]\n",
      " [0.11182509 0.         0.31225347 0.20558785 0.36371215 0.23420736\n",
      "  0.13944387 0.41172644 0.16951596 0.25928954 0.43614094 0.\n",
      "  0.34698478 0.16183406 0.23673345 0.20645265 0.28215763 1.\n",
      "  0.05139091 0.24019619 0.06635641 0.36943581 0.         0.17679602\n",
      "  0.0432488  0.09830589 0.11587335 0.07362904 0.         0.30364076\n",
      "  0.18254726]\n",
      " [0.02035407 0.08803991 0.05195306 0.01763537 0.04000286 0.03896767\n",
      "  0.01533673 0.04528371 0.20770801 0.20352534 0.03896353 0.\n",
      "  0.         0.         0.26357709 0.01626852 0.12094519 0.05139091\n",
      "  1.         0.11477643 0.13246161 0.03169029 0.         0.06283965\n",
      "  0.         0.01219746 0.02109092 0.16627009 0.         0.\n",
      "  0.        ]\n",
      " [0.11556674 0.09116927 0.20555415 0.22793945 0.18696953 0.18953361\n",
      "  0.18300649 0.21165171 0.18916965 0.18038317 0.18951346 0.\n",
      "  0.0167424  0.20638019 0.36542864 0.17779295 0.34913765 0.24019619\n",
      "  0.11477643 1.         0.20443134 0.16789168 0.14509369 0.11430161\n",
      "  0.01051889 0.03259743 0.04320453 0.08144141 0.         0.05725869\n",
      "  0.        ]\n",
      " [0.         0.         0.03354113 0.02277095 0.05165206 0.0251577\n",
      "  0.17113857 0.05847074 0.21827625 0.09601882 0.02515503 0.\n",
      "  0.         0.02393809 0.10674735 0.04201212 0.24234306 0.06635641\n",
      "  0.13246161 0.20443134 1.         0.04091878 0.         0.06968168\n",
      "  0.         0.         0.         0.         0.16768299 0.\n",
      "  0.        ]\n",
      " [0.10115822 0.         0.23364769 0.18257606 0.28757009 0.34043604\n",
      "  0.11025171 0.32553273 0.20906456 0.18733173 0.34039986 0.\n",
      "  0.08489682 0.15845527 0.14598205 0.15304692 0.2025731  0.36943581\n",
      "  0.03169029 0.16789168 0.04091878 1.         0.         0.15700695\n",
      "  0.05333888 0.09921441 0.10482032 0.04540346 0.         0.07429183\n",
      "  0.        ]\n",
      " [0.         0.         0.         0.32786323 0.         0.11308647\n",
      "  0.17803235 0.         0.         0.         0.11307445 0.\n",
      "  0.         0.21520834 0.         0.         0.20970629 0.\n",
      "  0.         0.14509369 0.         0.         1.         0.09740068\n",
      "  0.10826715 0.15667574 0.         0.16147831 0.         0.1507974\n",
      "  0.11309512]\n",
      " [0.11067701 0.04798298 0.11181369 0.08737302 0.13761862 0.08386645\n",
      "  0.05276171 0.22505175 0.27954901 0.08964888 0.08385754 0.\n",
      "  0.04062795 0.07582985 0.11912986 0.07324165 0.09694274 0.17679602\n",
      "  0.06283965 0.11430161 0.06968168 0.15700695 0.09740068 1.\n",
      "  0.13499252 0.14422874 0.05016248 0.08298459 0.         0.09275754\n",
      "  0.11434831]\n",
      " [0.01712927 0.         0.02186094 0.02968263 0.03366502 0.01639692\n",
      "  0.01290686 0.0381092  0.05560561 0.01459685 0.09198475 0.\n",
      "  0.12668625 0.03120403 0.         0.01369102 0.01520313 0.0432488\n",
      "  0.         0.01051889 0.         0.05333888 0.10826715 0.13499252\n",
      "  1.         0.08659532 0.01774938 0.0680905  0.13186944 0.08334634\n",
      "  0.12710552]\n",
      " [0.08901581 0.03859197 0.06774578 0.05521196 0.20705957 0.05081308\n",
      "  0.02933769 0.14233285 0.08046808 0.05729048 0.05080768 0.\n",
      "  0.03267644 0.04515602 0.02521114 0.03112012 0.0471136  0.09830589\n",
      "  0.01219746 0.03259743 0.         0.09921441 0.15667574 0.14422874\n",
      "  0.08659532 1.         0.04034491 0.28010287 0.05545314 0.27385053\n",
      "  0.12647431]\n",
      " [0.04589321 0.         0.08979004 0.0583316  0.09019621 0.17728507\n",
      "  0.12111791 0.10210317 0.06956964 0.08079982 0.28719213 0.\n",
      "  0.0282508  0.03904018 0.04359319 0.03668135 0.06244422 0.11587335\n",
      "  0.02109092 0.04320453 0.         0.10482032 0.         0.05016248\n",
      "  0.01774938 0.04034491 1.         0.03021748 0.         0.02472182\n",
      "  0.        ]\n",
      " [0.17775783 0.05725404 0.16925602 0.12732199 0.19185239 0.05582994\n",
      "  0.11072648 0.0648791  0.         0.07455136 0.05582401 0.\n",
      "  0.         0.         0.22312206 0.1420776  0.05176521 0.07362904\n",
      "  0.16627009 0.08144141 0.         0.04540346 0.16147831 0.08298459\n",
      "  0.0680905  0.28010287 0.03021748 1.         0.         0.18054554\n",
      "  0.07112687]\n",
      " [0.         0.         0.         0.         0.         0.\n",
      "  0.27890056 0.         0.         0.         0.15239758 0.\n",
      "  0.20988997 0.         0.         0.         0.         0.\n",
      "  0.         0.         0.16768299 0.         0.         0.\n",
      "  0.13186944 0.05545314 0.         0.         1.         0.10674517\n",
      "  0.        ]\n",
      " [0.16262535 0.053467   0.11899817 0.04134277 0.04688954 0.02283807\n",
      "  0.01797702 0.05307952 0.07744899 0.02033089 0.11510707 0.\n",
      "  0.15853151 0.04346181 0.06182269 0.12998257 0.02117533 0.30364076\n",
      "  0.         0.05725869 0.         0.07429183 0.1507974  0.09275754\n",
      "  0.08334634 0.27385053 0.02472182 0.18054554 0.10674517 1.\n",
      "  0.39268505]\n",
      " [0.         0.         0.         0.         0.         0.\n",
      "  0.         0.         0.         0.         0.06920177 0.\n",
      "  0.09530832 0.         0.         0.         0.         0.18254726\n",
      "  0.         0.         0.         0.         0.11309512 0.11434831\n",
      "  0.12710552 0.12647431 0.         0.07112687 0.         0.39268505\n",
      "  1.        ]]\n"
     ]
    }
   ],
   "source": [
    "tfidf_mat = tfidf.fit_transform(words).toarray()\n",
    "sentence_graph = np.dot(tfidf_mat, tfidf_mat.T)\n",
    "\n",
    "print(sentence_graph)"
   ]
  },
  {
   "cell_type": "markdown",
   "metadata": {
    "id": "RLBLpvk6Ilsf"
   },
   "source": [
    " - build_words_graph"
   ]
  },
  {
   "cell_type": "code",
   "execution_count": 8,
   "metadata": {
    "colab": {
     "base_uri": "https://localhost:8080/"
    },
    "id": "LUiYV51fIhQk",
    "outputId": "c1a1c9f0-ab0e-42a1-a2e6-f2051ee42548"
   },
   "outputs": [
    {
     "name": "stdout",
     "output_type": "stream",
     "text": [
      "[[1. 0. 0. ... 0. 0. 0.]\n",
      " [0. 1. 0. ... 0. 0. 0.]\n",
      " [0. 0. 1. ... 0. 0. 0.]\n",
      " ...\n",
      " [0. 0. 0. ... 1. 0. 0.]\n",
      " [0. 0. 0. ... 0. 1. 0.]\n",
      " [0. 0. 0. ... 0. 0. 1.]]\n",
      "{109: '조선', 65: '신용카드', 51: '사용', 59: '소득', 12: '공제', 81: '요건', 70: '아예', 64: '신고', 53: '상조', 11: '공정', 4: '거래', 86: '위원장', 133: '후보자', 93: '인사', 5: '검증', 13: '과정', 92: '이유', 56: '설명', 122: '카드', 121: '충족', 84: '월급쟁이', 35: '라면', 89: '응당', 54: '생각', 125: '포기', 3: '거나', 49: '사람', 97: '적지', 6: '게다가', 113: '중심', 79: '올해', 132: '혜택', 78: '예정', 18: '국세', 123: '통계', 74: '연보', 25: '기준', 21: '근로', 101: '절반', 60: '소득세', 38: '면세', 57: '세금', 28: '내지', 108: '제외', 67: '실제', 99: '전체', 30: '대가', 0: '가장', 90: '이상', 40: '문턱', 72: '억원', 31: '대의', 96: '자일', 61: '수록', 69: '쓰기', 34: '때문', 9: '경우', 48: '비율', 17: '구간', 75: '연봉', 36: '만원', 52: '사이', 41: '반면', 19: '국세청', 14: '관계자', 82: '용도', 85: '월등', 10: '경향', 80: '외국', 129: '해외', 94: '일절', 112: '주지', 103: '점도', 76: '영향', 47: '분석', 46: '부부', 39: '명의', 87: '유리', 55: '서민', 131: '현상', 83: '우선', 130: '허리띠', 110: '졸라', 119: '추정', 37: '맞벌이', 42: '발급', 26: '나머지', 44: '배우자', 102: '절세', 29: '노하우', 50: '사례', 116: '지역', 58: '세무사', 2: '각자', 111: '주의', 124: '평균', 127: '한도', 118: '초과', 71: '액수', 33: '대해', 117: '체크카드', 128: '해당', 43: '방식', 100: '전통', 63: '시장', 8: '결제', 23: '금액', 32: '대중', 16: '교통비', 1: '각각', 91: '이상은', 27: '내년', 120: '축소', 62: '순차', 15: '관련', 107: '제도', 45: '변화', 88: '유심', 126: '필요', 95: '자의', 68: '실질', 114: '증세', 77: '예고', 24: '기존', 73: '연말', 106: '정산', 104: '정도', 22: '근로자', 98: '전망', 105: '정부', 115: '지난해', 20: '국회', 66: '실시', 7: '결정'}\n"
     ]
    }
   ],
   "source": [
    "data = cnt_vec.fit_transform(words).toarray()\n",
    "cnt_vec_mat = normalize(data, axis=0)\n",
    "vocab = cnt_vec.vocabulary_\n",
    "\n",
    "words_graph = np.dot(cnt_vec_mat.T, cnt_vec_mat)\n",
    "idx2word = {vocab[word] : word for word in vocab}\n",
    "\n",
    "print(words_graph)\n",
    "print(idx2word)"
   ]
  },
  {
   "cell_type": "markdown",
   "metadata": {
    "id": "pPQKQ5RdJh-B"
   },
   "source": [
    "## Rank"
   ]
  },
  {
   "cell_type": "markdown",
   "metadata": {
    "id": "YmD45QMMM1BU"
   },
   "source": [
    " - sentence graph"
   ]
  },
  {
   "cell_type": "code",
   "execution_count": 9,
   "metadata": {
    "id": "gNhM47eEIvmG"
   },
   "outputs": [
    {
     "name": "stdout",
     "output_type": "stream",
     "text": [
      "1\n",
      "2\n",
      "3\n",
      "4\n",
      "{0: 0.9032943235512652, 1: 0.4213925573782945, 2: 1.3595677293092279, 3: 1.1315859377120738, 4: 1.3869143781857531, 5: 1.131099518296948, 6: 1.1615598580315338, 7: 1.4655858825537653, 8: 0.964244389894159, 9: 1.1296895039054569, 10: 1.580120544961152, 11: 0.2769280389641702, 12: 0.8918339574781374, 13: 1.13107536584435, 14: 1.2454605373929712, 15: 0.9405685978515068, 16: 1.3929488470528086, 17: 1.7171810591902055, 18: 0.648616607132012, 19: 1.3541788063857114, 20: 0.6643799206366394, 21: 1.310707726100585, 22: 0.7495058511253502, 23: 1.0127005361224972, 24: 0.5631131607025841, 25: 0.8657787551914167, 26: 0.6388148915777341, 27: 0.9428010844467573, 28: 0.4801405949776003, 29: 1.0079845937013356, 30: 0.530226444345996}\n",
      "[17, 10, 7, 16, 4, 2, 19, 21, 14, 6, 3, 5, 13, 9, 23, 29, 8, 27, 15, 0, 12, 25, 22, 20, 18, 26, 24, 30, 28, 1, 11]\n"
     ]
    }
   ],
   "source": [
    "A = sentence_graph\n",
    "d = 0.85\n",
    "matrix_size = A.shape[0]\n",
    "\n",
    "for id in range(matrix_size):\n",
    "      A[id, id] = 0 # diagonal 부분을 0으로\n",
    "      link_sum = np.sum(A[:,id]) # A[:, id] = A[:][id]\n",
    "      if link_sum != 0:\n",
    "            A[:, id] /= link_sum\n",
    "      A[:, id] *= -d\n",
    "      A[id, id] = 1\n",
    "\n",
    "B = (1-d) * np.ones((matrix_size, 1))\n",
    "ranks = np.linalg.solve(A, B) # 연립방정식 Ax = b\n",
    "\n",
    "sentence_graph_idx = {idx: r[0] for idx, r in enumerate(ranks)}\n",
    "print(sentence_graph_idx)\n",
    "\n",
    "sorted_sentence_rank_idx = sorted(sentence_graph_idx, key=lambda k: sentence_graph_idx[k], reverse=True)\n",
    "print(sorted_sentence_rank_idx)"
   ]
  },
  {
   "cell_type": "markdown",
   "metadata": {
    "id": "YTJRFZrkM36Q"
   },
   "source": [
    " - word graph"
   ]
  },
  {
   "cell_type": "code",
   "execution_count": 10,
   "metadata": {
    "id": "-24A0JAkJ-0l"
   },
   "outputs": [
    {
     "name": "stdout",
     "output_type": "stream",
     "text": [
      "{0: 0.7824713313970741, 1: 0.9562093733572655, 2: 0.7594423160537754, 3: 0.8170633284152349, 4: 0.9847324943648585, 5: 0.9847324943648587, 6: 0.6639583624454188, 7: 0.8775031595214318, 8: 0.9562093733572657, 9: 1.7775737775991798, 10: 1.219602365185432, 11: 0.9847324943648585, 12: 2.8359528332008983, 13: 0.9847324943648587, 14: 1.3290308235171173, 15: 1.0844825552880974, 16: 0.956209373357266, 17: 0.7096362674016707, 18: 0.7687939730514537, 19: 1.3290308235171178, 20: 0.8775031595214319, 21: 1.2480713232639582, 22: 0.9516162625670743, 23: 0.9562093733572652, 24: 0.3917364460606458, 25: 1.013287692517498, 26: 1.2245416472513417, 27: 1.2691396178457375, 28: 0.8695482666510905, 29: 1.2245416472513417, 30: 0.45105324344765957, 31: 0.8053490171058034, 32: 0.9562093733572656, 33: 1.5127971395384003, 34: 1.3136489998091658, 35: 0.8170633284152347, 36: 1.229087106706024, 37: 1.2245416472513415, 38: 0.8695482666510901, 39: 1.495189006950352, 40: 1.7471375864949854, 41: 0.4999784040073305, 42: 1.2245416472513422, 43: 0.8225970808216203, 44: 1.2245416472513422, 45: 1.084482555288098, 46: 0.9823460054103816, 47: 0.9177595170058677, 48: 1.0317618746923434, 49: 1.9479208255477096, 50: 1.2245416472513424, 51: 1.9146074021380604, 52: 0.6051421033883806, 53: 0.9847324943648588, 54: 0.8170633284152349, 55: 0.6398738049313122, 56: 1.5423688288841317, 57: 1.2599595528173433, 58: 0.7594423160537755, 59: 2.84013482912086, 60: 1.3028633410752026, 61: 0.8053490171058033, 62: 1.0844825552880977, 63: 0.9562093733572655, 64: 0.6450165772445875, 65: 1.7592222629489176, 66: 0.8775031595214317, 67: 0.8695482666510903, 68: 0.7438281556966057, 69: 0.8053490171058033, 70: 0.6450165772445875, 71: 0.8225970808216205, 72: 0.885308649188725, 73: 0.6492902044397847, 74: 0.7687939730514544, 75: 1.0916099930730427, 76: 0.9177595170058679, 77: 0.7438281556966059, 78: 0.6639583624454188, 79: 1.3145589042225785, 80: 0.9177595170058678, 81: 0.7405956460957036, 82: 0.6747209302775142, 83: 0.8689043541611435, 84: 1.3610954191622258, 85: 0.674720930277514, 86: 0.9847324943648587, 87: 0.6398738049313115, 88: 1.084482555288098, 89: 0.817063328415235, 90: 0.8907139805488916, 91: 1.0844825552880981, 92: 1.2690696206456284, 93: 0.9847324943648581, 94: 0.9177595170058674, 95: 0.7438281556966058, 96: 0.8053490171058033, 97: 0.6797083862713116, 98: 0.4700860414596611, 99: 0.7518170411332317, 100: 0.9562093733572659, 101: 0.7687939730514544, 102: 1.224541647251342, 103: 0.9177595170058679, 104: 0.6492902044397849, 105: 0.8775031595214319, 106: 0.6492902044397848, 107: 1.084482555288098, 108: 0.8695482666510905, 109: 0.6450165772445874, 110: 0.8306304564877303, 111: 0.7594423160537752, 112: 0.9177595170058679, 113: 0.6639583624454187, 114: 0.7438281556966058, 115: 0.8775031595214319, 116: 0.7594423160537752, 117: 0.8225970808216206, 118: 0.8225970808216208, 119: 0.8306304564877304, 120: 1.3909419660659719, 121: 0.38662665420916287, 122: 2.6599339809343703, 123: 0.7687939730514544, 124: 0.28313812246265, 125: 1.4296788156665872, 126: 1.084482555288098, 127: 1.8138603997165623, 128: 0.8225970808216208, 129: 0.9177595170058673, 130: 0.8306304564877302, 131: 0.8306304564877302, 132: 0.6021594951702631, 133: 1.2606371835205696}\n",
      "[59, 12, 122, 49, 51, 127, 9, 65, 40, 56, 33, 39, 125, 120, 84, 19, 14, 79, 34, 60, 27, 92, 133, 57, 21, 36, 50, 42, 44, 102, 26, 29, 37, 10, 75, 91, 45, 88, 107, 126, 62, 15, 48, 25, 53, 5, 13, 86, 4, 11, 93, 46, 16, 100, 8, 32, 1, 63, 23, 22, 76, 103, 112, 80, 47, 94, 129, 90, 72, 20, 105, 115, 7, 66, 28, 108, 67, 38, 83, 119, 110, 130, 131, 118, 128, 117, 71, 43, 89, 3, 54, 35, 31, 61, 69, 96, 0, 74, 101, 123, 18, 58, 2, 111, 116, 99, 77, 95, 114, 68, 81, 17, 97, 82, 85, 6, 78, 113, 104, 106, 73, 64, 70, 109, 55, 87, 52, 132, 41, 98, 30, 24, 121, 124]\n"
     ]
    }
   ],
   "source": [
    "A = words_graph\n",
    "d = 0.85\n",
    "matrix_size = A.shape[0]\n",
    "\n",
    "for id in range(matrix_size):\n",
    "      A[id, id] = 0 # diagonal 부분을 0으로\n",
    "      link_sum = np.sum(A[:,id]) # A[:, id] = A[:][id]\n",
    "      if link_sum != 0:\n",
    "            A[:, id] /= link_sum\n",
    "      A[:, id] *= -d\n",
    "      A[id, id] = 1\n",
    "\n",
    "B = (1-d) * np.ones((matrix_size, 1))\n",
    "ranks = np.linalg.solve(A, B) # 연립방정식 Ax = b\n",
    "\n",
    "words_graph_idx = {idx: r[0] for idx, r in enumerate(ranks)}\n",
    "print(words_graph_idx)\n",
    "\n",
    "sorted_words_rank_idx = sorted(words_graph_idx, key=lambda k: words_graph_idx[k], reverse=True)\n",
    "print(sorted_words_rank_idx)"
   ]
  },
  {
   "cell_type": "markdown",
   "metadata": {
    "id": "9Iw_9L73Llw_"
   },
   "source": [
    " - summarize"
   ]
  },
  {
   "cell_type": "code",
   "execution_count": 14,
   "metadata": {
    "id": "Y3oO7kOqLpBe"
   },
   "outputs": [],
   "source": [
    "sent_num=3\n",
    "summary = []\n",
    "index=[]\n",
    "\n",
    "for idx in sorted_sentence_rank_idx[:sent_num]:\n",
    "      index.append(idx)\n",
    "\n",
    "index.sort()\n",
    "for idx in index:\n",
    "      summary.append(sentences[idx])"
   ]
  },
  {
   "cell_type": "markdown",
   "metadata": {
    "id": "E3MkhbqIL3lM"
   },
   "source": [
    " - keywords"
   ]
  },
  {
   "cell_type": "code",
   "execution_count": 15,
   "metadata": {
    "id": "wP3EFkL3L6BF"
   },
   "outputs": [],
   "source": [
    "word_num=10\n",
    "keywords = []\n",
    "index=[]\n",
    "\n",
    "for idx in sorted_words_rank_idx[:word_num]:\n",
    "      index.append(idx)\n",
    "    \n",
    "#index.sort()\n",
    "for idx in index:\n",
    "      keywords.append(idx2word[idx])"
   ]
  },
  {
   "cell_type": "code",
   "execution_count": 27,
   "metadata": {
    "id": "PvnNqzyvMhpU"
   },
   "outputs": [
    {
     "name": "stdout",
     "output_type": "stream",
     "text": [
      "◇ 연 봉 5000만원 대가 84% 로 카드 공제 가장 많이 받아 신용카드 소득 공제를 받으려면 총소득의 4분의 1 이상을 카드로 써야 한다.\n",
      "\n",
      "2015년 기준으로 근로 소득세를 내는 사람 중에서 카드 소득 공제를 받는 비율이 가장 많은 소득 구간은 연봉 5000만 ~6000 만원이었다.\n",
      "\n",
      "연봉 4000만원 대는 81%, 3000만원 대는 73%, 2000만원 대는 55% 만 카드 소득 공제를 받은 것으로 나타났다.\n",
      "\n",
      "keywords : ['소득', '공제', '카드', '사람', '사용', '한도', '경우', '신용카드', '문턱', '설명']\n"
     ]
    }
   ],
   "source": [
    "count = 0\n",
    "\n",
    "for row in summary:\n",
    "    print(row)\n",
    "    print()\n",
    "    count = count + 1\n",
    "    if(count > 3):\n",
    "        break\n",
    "\n",
    "print('keywords :',keywords)"
   ]
  },
  {
   "cell_type": "code",
   "execution_count": null,
   "metadata": {},
   "outputs": [],
   "source": []
  }
 ],
 "metadata": {
  "colab": {
   "name": "text_summary.ipynb",
   "provenance": []
  },
  "kernelspec": {
   "display_name": "Python 3",
   "language": "python",
   "name": "python3"
  },
  "language_info": {
   "codemirror_mode": {
    "name": "ipython",
    "version": 3
   },
   "file_extension": ".py",
   "mimetype": "text/x-python",
   "name": "python",
   "nbconvert_exporter": "python",
   "pygments_lexer": "ipython3",
   "version": "3.7.9"
  }
 },
 "nbformat": 4,
 "nbformat_minor": 1
}
